1 0.117916 0.821461 0.0332151 0.00281895 0.0241962 0.000206326 0.000135348 4.15571e-05 8.805e-06 0 
2 0.0648187 0.916623 0.0159441 0.00157756 0.000737205 0.000156278 6.97081e-05 4.58583e-05 1.83386e-05 9.14641e-06 
3 0.0503172 0.936018 0.0112791 0.00152447 0.000563459 0.000212524 5.60972e-05 1.39173e-05 0 1.48869e-05 
4 0.716741 0.281929 0.000775311 0.000408312 0.000105072 4.12703e-05 0 0 0 0 
5 0.278486 0.680569 0.0296851 0.00583737 0.0044145 0.000523178 0.000220842 0 0.000132026 0.000132095 
6 0.278486 0.665185 0.0296849 0.00585862 0.0197779 0.000523178 0.000220842 0 0.000132026 0.000132095 
7 0.0642265 0.916359 0.01668 0.00165037 0.000771229 0.000163491 7.29254e-05 4.79749e-05 1.9185e-05 9.56855e-06 
8 0.0503172 0.931686 0.0156113 0.00152447 0.000563459 0.000212524 5.60972e-05 1.39173e-05 0 1.48869e-05 
9 0.293292 0.659935 0.0417658 0.00372452 0.000873818 0.000281286 9.00771e-05 2.46194e-05 9.71157e-06 3.1288e-06 
10 0.335399 0.633718 0.0255136 0.00357023 0.00133161 0.000338495 8.43089e-05 2.19759e-05 1.95961e-05 2.73436e-06 
11 0.0503172 0.936018 0.0112791 0.00152447 0.000563459 0.000212524 5.60972e-05 1.39173e-05 0 1.48869e-05 
12 0.0394075 0.949891 0.00883301 0.00119386 0.000441263 0.000166435 4.39315e-05 1.08991e-05 0 1.16584e-05 
13 0.0732865 0.887231 0.027355 0.00575074 0.00547236 0.000669061 0.000155494 4.67087e-05 3.32197e-05 0 
14 0.0503172 0.936018 0.0112791 0.00152447 0.000563459 0.000212524 5.60972e-05 1.39173e-05 0 1.48869e-05 
15 0.335399 0.618334 0.0408972 0.00357043 0.00133161 0.000338495 8.43089e-05 2.19759e-05 1.95961e-05 2.73436e-06 
16 0.0503172 0.920634 0.0124757 0.0157124 0.000563459 0.000212524 5.60972e-05 1.39173e-05 0 1.48869e-05 
17 0.156002 0.780749 0.0423718 0.0191103 0.00124735 0.000272985 0.000179076 5.49833e-05 1.16497e-05 0 
18 0.0642265 0.900974 0.01668 0.00168543 0.0161208 0.000163491 7.29254e-05 4.79749e-05 1.9185e-05 9.56855e-06 
19 0.288848 0.649935 0.0259844 0.00366784 0.0311612 0.000277031 8.87123e-05 2.42464e-05 9.56443e-06 3.0814e-06 
20 0.262731 0.692041 0.0262532 0.0178192 0.000792699 0.000249427 7.27393e-05 3.02129e-05 5.32557e-06 4.78575e-06 
21 0.294608 0.638973 0.0617025 0.00313658 0.00116965 0.000297327 7.40551e-05 1.93032e-05 1.72128e-05 2.40181e-06 
22 0.262731 0.707426 0.0249372 0.00375057 0.000792699 0.000249427 7.27393e-05 3.02129e-05 5.32557e-06 4.78575e-06 
23 0.0503172 0.920634 0.0112791 0.00152452 0.015948 0.000212524 5.60972e-05 1.39173e-05 0 1.48869e-05 
24 0.0642265 0.900974 0.0316938 0.00202092 0.000771229 0.000163491 7.29254e-05 4.79749e-05 1.9185e-05 9.56855e-06 
25 0.0503172 0.920637 0.0266604 0.00152447 0.000563459 0.000212524 5.60972e-05 1.39173e-05 0 1.48869e-05 
26 0.156002 0.780749 0.0423709 0.00375009 0.0166085 0.000272987 0.000179076 5.49833e-05 1.16497e-05 0 
27 0.335399 0.633718 0.0255136 0.00357023 0.00133161 0.000338495 8.43089e-05 2.19759e-05 1.95961e-05 2.73436e-06 
28 0.243965 0.728324 0.023156 0.00348268 0.000736078 0.000231611 6.75437e-05 2.80549e-05 4.94517e-06 4.44391e-06 
29 0.0580312 0.833023 0.0803017 0.00485695 0.0232293 0.000448986 9.32339e-05 0 1.51811e-05 0 
30 0.118304 0.814003 0.0564195 0.00831899 0.00200537 0.000640705 0.000202121 7.06872e-05 2.40587e-05 1.17801e-05 
31 0.262731 0.702739 0.0296241 0.00375057 0.000792699 0.000249427 7.27393e-05 3.02129e-05 5.32557e-06 4.78575e-06 
32 0.0474003 0.939727 0.0106252 0.0014361 0.000530795 0.000200204 5.28452e-05 1.31105e-05 0 1.40239e-05 
33 0.061393 0.905343 0.0159485 0.0132582 0.00375816 0.000156278 6.97081e-05 4.58584e-05 1.83386e-05 9.14641e-06 
34 0.156002 0.78468 0.0538249 0.00372664 0.0012473 0.000272985 0.000179076 5.49833e-05 1.16497e-05 0 
35 0.262731 0.692055 0.0403081 0.00375057 0.000792699 0.000249427 7.27393e-05 3.02129e-05 5.32557e-06 4.78575e-06 
36 0.156002 0.796134 0.0423709 0.00372664 0.0012473 0.000272985 0.000179076 5.49833e-05 1.16497e-05 0 
37 0.293292 0.675319 0.0263841 0.00372188 0.000873818 0.000281286 9.00771e-05 2.46194e-05 9.71157e-06 3.1288e-06 
38 0.156002 0.78243 0.0560731 0.00372894 0.0012473 0.000272985 0.000179076 5.49833e-05 1.16497e-05 0 
40 0.0821358 0.779051 0.12904 0.00676147 0.0022221 0.000635488 0.000131962 0 2.1487e-05 0 
41 0.0821358 0.779054 0.129038 0.00676146 0.00222211 0.000635488 0.000131962 0 2.1487e-05 0 
42 0.0921256 0.843331 0.0561363 0.00564194 0.00207393 0.000465858 0.000143541 5.38221e-05 2.33869e-05 4.60773e-06 
43 0.293292 0.675319 0.0263841 0.00372188 0.000873818 0.000281286 9.00771e-05 2.46194e-05 9.71157e-06 3.1288e-06 
44 0.156002 0.780749 0.0577555 0.00372664 0.0012473 0.000272985 0.000179076 5.49833e-05 1.16497e-05 0 
45 0.156002 0.796134 0.0423709 0.00372664 0.0012473 0.000272985 0.000179076 5.49833e-05 1.16497e-05 0 
46 0.0503172 0.920634 0.0112819 0.0169062 0.000563461 0.000212524 5.60972e-05 1.39173e-05 0 1.48869e-05 
47 0.153639 0.774879 0.0597594 0.00998335 0.00122841 0.000268849 0.000176363 5.41502e-05 1.14732e-05 0 
48 0.0732865 0.887231 0.0273547 0.00575074 0.00547236 0.000669061 0.000155494 4.67087e-05 3.32197e-05 0 
49 0.153639 0.799223 0.0417289 0.00367018 0.00122841 0.000268849 0.000176363 5.41502e-05 1.14732e-05 0 
50 0.156002 0.796134 0.0423709 0.00372664 0.0012473 0.000272985 0.000179076 5.49833e-05 1.16497e-05 0 
51 0.0495548 0.921836 0.0111088 0.0166523 0.000554922 0.000209304 5.52472e-05 1.37065e-05 0 1.46614e-05 
52 0.149171 0.804471 0.0411077 0.00356223 0.00119228 0.000260942 0.000171176 5.25576e-05 1.11357e-05 0 
53 0.156002 0.780749 0.0577555 0.00372664 0.0012473 0.000272985 0.000179076 5.49833e-05 1.16497e-05 0 
54 0.0949495 0.823198 0.0578022 0.00581554 0.0046772 0.0133253 0.000147958 5.54781e-05 2.41065e-05 4.7495e-06 
55 0.288848 0.680239 0.0259844 0.00366549 0.000860578 0.000277024 8.87123e-05 2.42464e-05 9.56443e-06 3.0814e-06 
56 0.137029 0.820926 0.0372202 0.0032734 0.0010956 0.000239784 0.000157297 4.82961e-05 1.02328e-05 0 
57 0.2475 0.710106 0.037772 0.00353315 0.000746746 0.000234967 6.85225e-05 2.84615e-05 5.01684e-06 4.50831e-06 
58 0.293292 0.675319 0.0263841 0.00372188 0.000873818 0.000281286 9.00771e-05 2.46194e-05 9.71157e-06 3.1288e-06 
59 0.0503172 0.920634 0.0112791 0.00152447 0.000563459 0.000212524 5.76153e-05 0.0153917 5.26517e-06 1.48869e-05 
60 0.156002 0.785375 0.0492468 0.00760963 0.0012473 0.000272985 0.000179076 5.49833e-05 1.16497e-05 0 
61 0.0642265 0.916359 0.01668 0.00165037 0.000771229 0.000163491 7.29254e-05 4.79749e-05 1.9185e-05 9.56855e-06 
62 0.0503172 0.936018 0.0112791 0.00152447 0.000563459 0.000212524 5.60972e-05 1.39173e-05 0 1.48869e-05 
63 0.156002 0.78075 0.0577554 0.00372669 0.0012473 0.000272985 0.000179076 5.49833e-05 1.16497e-05 0 
64 0.293292 0.659934 0.0305988 0.0148743 0.000891325 0.000281286 9.00771e-05 2.46194e-05 9.71157e-06 3.1288e-06 
66 0.0935109 0.841028 0.0569264 0.00572743 0.00210536 0.000472917 0.000145716 5.46376e-05 2.37413e-05 4.67754e-06 
67 0.113184 0.822247 0.0609265 0.00247175 0.000827293 0.000181061 0.000118775 3.64685e-05 7.72684e-06 0 
68 0.153639 0.769233 0.0717182 0.00367045 0.00122841 0.000268849 0.000176363 5.41502e-05 1.14732e-05 0 
69 0.038881 0.883335 0.0739076 0.00277391 0.000827104 0.000185789 5.72456e-05 2.14648e-05 9.32692e-06 1.8376e-06 
70 0.335399 0.63336 0.0258719 0.00357023 0.00133161 0.000338495 8.43089e-05 2.19759e-05 1.95961e-05 2.73436e-06 
71 0.0522638 0.919555 0.0258673 0.00147897 0.00054664 0.00020618 5.44226e-05 1.35019e-05 0 1.44425e-05 
72 0.230687 0.722432 0.0429616 0.00291475 0.000684315 0.000220284 7.05423e-05 1.92803e-05 7.60545e-06 2.45027e-06 
73 0.278486 0.680569 0.0296849 0.00583737 0.0044145 0.000523178 0.000220842 0 0.000132026 0.000132095 
74 0.0503172 0.920634 0.0112791 0.00152447 0.00056346 0.000212524 5.60972e-05 1.39173e-05 0 0.0153992 
75 0.156002 0.782441 0.0549305 0.00485966 0.0012473 0.000272985 0.000179076 5.49833e-05 1.16497e-05 0 
76 0.0430345 0.945105 0.0098199 0.00130383 0.000481906 0.000181764 4.79778e-05 1.1903e-05 0 1.27322e-05 
77 0.153639 0.76892 0.0418115 0.0330952 0.00202385 0.000268849 0.000176363 5.41502e-05 1.14732e-05 0 
78 0.0743201 0.866328 0.0282822 0.0300912 0.000696249 0.000147596 6.58355e-05 4.33107e-05 1.73198e-05 8.63828e-06 
79 0.0632534 0.917605 0.0164478 0.00162537 0.000759544 0.000161014 7.18205e-05 4.7248e-05 1.88943e-05 9.42357e-06 
80 0.0625231 0.884095 0.0512838 0.00127865 0.000582906 0.000123569 5.51181e-05 3.62601e-05 1.45003e-05 7.23204e-06 
81 0.288848 0.680239 0.0259844 0.00366549 0.000860578 0.000277024 8.87123e-05 2.42464e-05 9.56443e-06 3.0814e-06 
82 0.0642265 0.900974 0.01668 0.0016504 0.0161558 0.000163491 7.29254e-05 4.79749e-05 1.9185e-05 9.56855e-06 
83 0.288848 0.659575 0.031496 0.00366549 0.000879006 0.0154098 8.9058e-05 2.42464e-05 9.56443e-06 3.0814e-06 
84 0.156002 0.780749 0.0423709 0.00372978 0.0165498 0.000351959 0.000179076 5.49833e-05 1.16497e-05 0 
85 0.293292 0.659934 0.0263841 0.00372189 0.0162584 0.000281286 9.00771e-05 2.46194e-05 9.71157e-06 3.1288e-06 
86 0.156002 0.780749 0.0423735 0.0123988 0.0079572 0.000272985 0.000179076 5.49833e-05 1.16497e-05 0 
87 0.156002 0.796134 0.0423709 0.00372664 0.0012473 0.000272985 0.000179076 5.49833e-05 1.16497e-05 0 
88 0.118304 0.798618 0.0564195 0.00854954 0.010192 0.00760809 0.000202121 7.06872e-05 2.40587e-05 1.17801e-05 
89 0.0949495 0.838583 0.0578022 0.00581554 0.00213775 0.000480192 0.000147958 5.54781e-05 2.41065e-05 4.7495e-06 
90 0.0503172 0.936018 0.0112791 0.00152447 0.000563459 0.000212524 5.60972e-05 1.39173e-05 0 1.48869e-05 
91 0.153639 0.777711 0.0632406 0.00367018 0.00122841 0.000268849 0.000176363 5.41502e-05 1.14732e-05 0 
92 0.146959 0.778967 0.0544073 0.00404467 0.0151337 0.00025716 0.000168695 5.17959e-05 1.09743e-05 0 
93 0.288848 0.680239 0.0259844 0.00366549 0.000860578 0.000277024 8.87123e-05 2.42464e-05 9.56443e-06 3.0814e-06 
94 0.0921152 0.825917 0.0725495 0.00665326 0.00207393 0.000465858 0.000143541 5.38221e-05 2.33869e-05 4.60773e-06 
95 0.288848 0.649936 0.0259844 0.00370484 0.0311242 0.00027711 8.87123e-05 2.42464e-05 9.56443e-06 3.0814e-06 
96 0.293292 0.675319 0.0263841 0.00372188 0.000873818 0.000281286 9.00771e-05 2.46194e-05 9.71157e-06 3.1288e-06 
97 0.156002 0.780749 0.0423709 0.00372664 0.0012473 0.000272985 0.000275637 0.015343 1.16497e-05 0 
98 0.293292 0.675319 0.0263841 0.00372188 0.000873818 0.000281286 9.00771e-05 2.46194e-05 9.71157e-06 3.1288e-06 
99 0.0642265 0.900974 0.0166801 0.0170349 0.00077123 0.000163491 7.29254e-05 4.79749e-05 1.9185e-05 9.56855e-06 
100 0.0869256 0.838144 0.0669973 0.00532411 0.00195709 0.000439613 0.000135454 5.07899e-05 2.20693e-05 4.34814e-06 
101 0.0503172 0.920634 0.0112804 0.0169078 0.00056346 0.000212524 5.60972e-05 1.39173e-05 0 1.48869e-05 
102 0.151346 0.757663 0.0560898 0.0304577 0.00394038 0.000264836 0.000173731 5.3342e-05 1.13019e-05 0 
103 0.156002 0.796134 0.0423709 0.00372664 0.0012473 0.000272985 0.000179076 5.49833e-05 1.16497e-05 0 
104 0.0488152 0.893152 0.0109424 0.00258015 0.0442216 0.00020618 5.44226e-05 1.35019e-05 0 1.44425e-05 
105 0.293292 0.675319 0.0263841 0.00372188 0.000873818 0.000281286 9.00771e-05 2.46194e-05 9.71157e-06 3.1288e-06 
106 0.0605034 0.863236 0.0196123 0.0411337 0.000734055 0.0146393 6.87114e-05 4.51937e-05 1.80729e-05 9.01385e-06 
107 0.0930293 0.855039 0.0394818 0.00229841 0.00984201 0.000162789 0.000106789 3.27882e-05 6.94707e-06 0 
108 0.0632534 0.887371 0.0315045 0.00168487 0.0158782 0.000161014 7.18205e-05 4.7248e-05 1.88944e-05 9.42357e-06 
109 0.0949495 0.823341 0.0658989 0.0129608 0.00213775 0.000480192 0.000147958 5.54781e-05 2.41065e-05 4.7495e-06 
110 0.25114 0.705589 0.0238762 0.00840682 0.0106415 0.000238803 6.95302e-05 2.888e-05 5.09062e-06 4.57461e-06 
111 0.0739245 0.908047 0.0154886 0.00153249 0.000716142 0.000151813 6.77165e-05 4.45481e-05 1.78147e-05 8.88508e-06 
113 0.0935109 0.825877 0.0720778 0.00572743 0.00210536 0.000472917 0.000145716 5.46376e-05 2.37413e-05 4.67754e-06 
114 0.0503172 0.920634 0.0119796 0.0162085 0.000563466 0.000212524 5.60972e-05 1.39173e-05 0 1.48869e-05 
115 0.262731 0.692041 0.0249372 0.00375057 0.000969895 0.0154568 7.27393e-05 3.02129e-05 5.32557e-06 4.78575e-06 
116 0.0488152 0.937928 0.0109425 0.00147897 0.00054664 0.00020618 5.44226e-05 1.35019e-05 0 1.44425e-05 
117 0.118304 0.798944 0.071479 0.00831899 0.00200537 0.000640705 0.000202121 7.06872e-05 2.40587e-05 1.17801e-05 
118 0.116511 0.816821 0.0555647 0.00819295 0.00197499 0.000630998 0.000199058 6.96162e-05 2.36942e-05 1.16016e-05 
119 0.0642265 0.900974 0.0167777 0.0169374 0.00077123 0.000163491 7.29254e-05 4.79749e-05 1.9185e-05 9.56855e-06 
120 0.0642265 0.916359 0.01668 0.00165037 0.000771229 0.000163491 7.29254e-05 4.79749e-05 1.9185e-05 9.56855e-06 
121 0.118304 0.811471 0.0589514 0.00831899 0.00200537 0.000640705 0.000202121 7.06872e-05 2.40587e-05 1.17801e-05 
122 0.156002 0.780749 0.0423709 0.00372664 0.0012473 0.000487024 0.0153489 5.57173e-05 1.16497e-05 0 
123 0.0935109 0.825877 0.0720778 0.00572743 0.00210536 0.000472917 0.000145716 5.46376e-05 2.37413e-05 4.67754e-06 
124 0.156002 0.796134 0.0423709 0.00372664 0.0012473 0.000272985 0.000179076 5.49833e-05 1.16497e-05 0 
126 0.262731 0.707355 0.0250084 0.00375057 0.000792699 0.000249427 7.27393e-05 3.02129e-05 5.32557e-06 4.78575e-06 
127 0.0935109 0.810725 0.0570321 0.0359247 0.00210536 0.000472917 0.000145716 5.46376e-05 2.37413e-05 4.67754e-06 
128 0.0495548 0.907062 0.0410256 0.00150958 0.000554922 0.000209304 5.52472e-05 1.37065e-05 0 1.46614e-05 
129 0.293292 0.675319 0.0263841 0.00372188 0.000873818 0.000281286 9.00771e-05 2.46194e-05 9.71157e-06 3.1288e-06 
130 0.274266 0.685409 0.0292351 0.00574893 0.00434761 0.000515251 0.000217496 0 0.000130025 0.000130094 
131 0.153639 0.793107 0.0478452 0.00367018 0.00122841 0.000268849 0.000176363 5.41502e-05 1.14732e-05 0 
132 0.156002 0.796134 0.0423709 0.00372664 0.0012473 0.000272985 0.000179076 5.49833e-05 1.16497e-05 0 
133 0.15601 0.796127 0.0423709 0.00372664 0.0012473 0.000272985 0.000179076 5.49833e-05 1.16497e-05 0 
134 0.293292 0.663094 0.0386097 0.00372188 0.000873818 0.000281286 9.00771e-05 2.46194e-05 9.71157e-06 3.1288e-06 
135 0.118304 0.814003 0.0564195 0.00831899 0.00200537 0.000640705 0.000202121 7.06872e-05 2.40587e-05 1.17801e-05 
137 0.0857183 0.760326 0.0727206 0.0634669 0.0171248 0.000433517 0.000133573 5.00844e-05 2.17628e-05 4.28775e-06 
138 0.0503172 0.921601 0.0253762 0.00184465 0.000563459 0.000212524 5.60972e-05 1.39173e-05 0 1.48869e-05 
139 0.237188 0.735871 0.0225127 0.00338593 0.000715631 0.000225177 6.56674e-05 2.72756e-05 4.8078e-06 4.32046e-06 
140 0.156002 0.780749 0.0424034 0.0190788 0.0012473 0.000272985 0.000179076 5.49833e-05 1.16497e-05 0 
141 0.0623093 0.918855 0.0161821 0.00160111 0.000748208 0.000158611 7.07486e-05 4.65428e-05 1.86123e-05 9.28292e-06 
142 0.160515 0.798671 0.0361773 0.00314587 0.00105292 0.000230442 0.000151168 4.64145e-05 9.83416e-06 0 
143 0.14912 0.789932 0.0409923 0.00356726 0.0158931 0.000260944 0.000171176 5.25576e-05 1.11357e-05 0 
144 0.118304 0.805922 0.0645002 0.00831899 0.00200537 0.000640705 0.000202121 7.06872e-05 2.40587e-05 1.17801e-05 
145 0.335028 0.619731 0.025403 0.00341272 0.00130338 0.0149989 8.05894e-05 2.10064e-05 1.87316e-05 2.61373e-06 
146 0.290782 0.649271 0.0407392 0.0036903 0.0151317 0.000264985 8.48552e-05 2.31922e-05 9.14858e-06 2.94742e-06 
147 0.0949495 0.838582 0.0578026 0.00581554 0.00213775 0.000480192 0.000147958 5.54781e-05 2.41065e-05 4.7495e-06 
148 0.262731 0.692041 0.0255895 0.0184828 0.000792699 0.000249427 7.27393e-05 3.02129e-05 5.32557e-06 4.78575e-06 
149 0.0935109 0.810728 0.0720421 0.00576042 0.0172565 0.000472952 0.000145716 5.46376e-05 2.37413e-05 4.67754e-06 
150 0.0503172 0.931502 0.0157952 0.00152447 0.000563459 0.000212524 5.60972e-05 1.39173e-05 0 1.48869e-05 
151 0.156924 0.786244 0.0518738 0.00336433 0.00112604 0.000246445 0.000161666 4.96377e-05 1.05171e-05 0 
152 0.153639 0.768923 0.0569988 0.0186976 0.00123174 0.000268849 0.000176363 5.41502e-05 1.14732e-05 0 
153 0.293292 0.659934 0.0263841 0.00372188 0.000873818 0.000319064 0.0154369 2.46194e-05 9.71157e-06 3.1288e-06 
154 0.262731 0.692041 0.0249428 0.0177584 0.0021639 0.000249427 7.27393e-05 3.02129e-05 5.32557e-06 4.78575e-06 
155 0.14912 0.798898 0.0467321 0.00356223 0.00119228 0.000260942 0.000171176 5.25576e-05 1.11357e-05 0 
156 0.262731 0.692041 0.0249616 0.0191108 0.000792699 0.000249427 7.27393e-05 3.02129e-05 5.32557e-06 4.78575e-06 
157 0.293292 0.659934 0.030263 0.0152276 0.000873818 0.000281286 9.00771e-05 2.46194e-05 9.71157e-06 3.1288e-06 
158 0.0949495 0.83857 0.0578152 0.00581554 0.00213775 0.000480192 0.000147958 5.54781e-05 2.41065e-05 4.7495e-06 
159 0.119296 0.844102 0.0324013 0.00284978 0.000953821 0.000208753 0.000136941 4.20461e-05 8.90859e-06 0 
160 0.156002 0.780749 0.0423709 0.00438969 0.0159688 0.00027302 0.000179076 5.49833e-05 1.16497e-05 0 
161 0.0642265 0.900975 0.0320632 0.00165037 0.000771229 0.000163491 7.29254e-05 4.79749e-05 1.9185e-05 9.56855e-06 
162 0.293618 0.675469 0.0259844 0.00366549 0.000860578 0.000277024 8.87123e-05 2.42464e-05 9.56443e-06 3.0814e-06 
163 0.0503172 0.936018 0.0112791 0.00152447 0.000563459 0.000212524 5.60972e-05 1.39173e-05 0 1.48869e-05 
164 0.293292 0.675278 0.0264253 0.00372188 0.000873818 0.000281286 9.00771e-05 2.46194e-05 9.71157e-06 3.1288e-06 
165 0.293292 0.675229 0.026474 0.00372188 0.000873818 0.000281286 9.00771e-05 2.46194e-05 9.71157e-06 3.1288e-06 
166 0.284537 0.685008 0.0255995 0.00361078 0.000847734 0.000272889 8.73882e-05 2.38845e-05 9.42168e-06 3.03541e-06 
167 0.0503172 0.920634 0.0112791 0.00156019 0.0159124 0.00021253 5.60972e-05 1.39173e-05 0 1.48869e-05 
168 0.0348204 0.863039 0.0969838 0.0045619 0.000389626 0.000146958 3.87906e-05 9.62368e-06 0 1.02942e-05 
169 0.257622 0.714803 0.0231798 0.00326922 0.000767543 0.000247076 7.91217e-05 2.16252e-05 8.53044e-06 2.74827e-06 
170 0.0564152 0.926531 0.0146514 0.00144965 0.000677431 0.000143607 6.40561e-05 4.21401e-05 1.68517e-05 8.40481e-06 
171 0.204446 0.748652 0.043106 0.00290223 0.000613398 0.000193009 5.62864e-05 2.33791e-05 4.12097e-06 3.70326e-06 
172 0.135202 0.823316 0.0367215 0.00322976 0.001081 0.000236587 0.000155199 4.76522e-05 1.00964e-05 0 
173 0.0869256 0.838772 0.066367 0.0053264 0.00195709 0.000439613 0.000135454 5.07899e-05 2.20693e-05 4.34814e-06 
174 0.153639 0.782373 0.0434274 0.00367018 0.00129417 0.0153546 0.000176364 5.41502e-05 1.14732e-05 0 
175 0.268865 0.702397 0.0241565 0.00340736 0.000799974 0.000257515 8.24649e-05 2.25389e-05 8.89088e-06 2.8644e-06 
176 0.200913 0.766247 0.0290884 0.00286809 0.000606182 0.000190738 5.56242e-05 2.3104e-05 4.07249e-06 3.65969e-06 
177 0.0562073 0.918948 0.0122038 0.0118869 0.00049956 0.000181764 4.79778e-05 1.1903e-05 0 1.27322e-05 
178 0.288848 0.665087 0.0259844 0.0108681 0.00880948 0.000277026 8.87123e-05 2.42464e-05 9.56443e-06 3.0814e-06 
179 0.284537 0.65516 0.0255965 0.00425397 0.0300549 0.00027324 8.73882e-05 2.38845e-05 9.42167e-06 3.03541e-06 
180 0.0367486 0.895986 0.0420464 0.0245903 0.000411515 0.000155214 4.09698e-05 1.01643e-05 0 1.08725e-05 
181 0.143496 0.816673 0.0353682 0.0030279 0.00101343 0.0002218 0.000145499 4.46739e-05 9.46538e-06 0 
182 0.276299 0.679954 0.0390333 0.00350612 0.000823162 0.00026498 8.48552e-05 2.31922e-05 9.14858e-06 2.94742e-06 
183 0.153639 0.784071 0.0417289 0.00368278 0.0163673 0.00026885 0.000176363 5.41502e-05 1.14732e-05 0 
184 0.0503172 0.920634 0.0112791 0.00152447 0.000598616 0.015562 5.60972e-05 1.39173e-05 0 1.48869e-05 
185 0.0460708 0.927335 0.0103259 0.00202857 0.0139674 0.000194584 5.13566e-05 1.27412e-05 0 1.36289e-05 
186 0.0845441 0.801332 0.0927094 0.00517882 0.0156015 0.000427575 0.000131743 4.93984e-05 2.14647e-05 4.22901e-06 
187 0.0894452 0.775477 0.126905 0.00548786 0.00201382 0.000452355 0.00013938 5.2262e-05 2.2709e-05 4.47417e-06 
188 0.293292 0.675319 0.0263841 0.00372188 0.000873818 0.000281286 9.00771e-05 2.46194e-05 9.71157e-06 3.1288e-06 
189 0.278486 0.665185 0.0365384 0.0143671 0.00441579 0.000523178 0.000220842 0 0.000132026 0.000132095 
190 0.0623093 0.874079 0.0311075 0.00160221 0.0305978 0.000158611 7.07486e-05 4.65428e-05 1.86123e-05 9.28292e-06 
191 0.0495548 0.906685 0.041411 0.00150137 0.000554922 0.000209304 5.52472e-05 1.37065e-05 0 1.46614e-05 
192 0.0632534 0.908077 0.0259766 0.00162537 0.000759544 0.000161014 7.18205e-05 4.7248e-05 1.88943e-05 9.42357e-06 
193 0.23877 0.576625 0.175457 0.00474286 0.00358678 0.000425082 0.000179434 0 0.000107271 0.000107327 
194 0.0496991 0.74448 0.203705 0.00127708 0.000596785 0.000126511 5.64304e-05 3.71234e-05 1.48456e-05 7.40424e-06 
195 0.0503172 0.920634 0.0112791 0.0169091 0.000563459 0.000212524 5.60972e-05 1.39173e-05 0 1.48869e-05 
196 0.2662 0.635838 0.0430814 0.0204117 0.0335052 0.000500097 0.000211099 0 0.000126201 0.000126267 
197 0.0642265 0.900974 0.0320646 0.00165037 0.00077123 0.000163491 7.29254e-05 4.79749e-05 1.9185e-05 9.56855e-06 
198 0.0503172 0.920634 0.0266636 0.00152447 0.000563459 0.000212524 5.60972e-05 1.39173e-05 0 1.48869e-05 
199 0.0642265 0.916359 0.01668 0.00165037 0.000771229 0.000163491 7.29254e-05 4.79749e-05 1.9185e-05 9.56855e-06 
200 0.278486 0.680569 0.0296849 0.00583737 0.0044145 0.000523178 0.000220842 0 0.000132026 0.000132095 
201 0.0632534 0.917626 0.0164273 0.00162537 0.000759544 0.000161014 7.18205e-05 4.7248e-05 1.88943e-05 9.42357e-06 
202 0.0510635 0.935272 0.0112791 0.00152447 0.000563459 0.000212524 5.60972e-05 1.39173e-05 0 1.48869e-05 
203 0.278486 0.680569 0.0296849 0.00583737 0.0044145 0.000523178 0.000220842 0 0.000132026 0.000132095 
204 0.0642265 0.916359 0.01668 0.00165037 0.000771229 0.000163491 7.29254e-05 4.79749e-05 1.9185e-05 9.56855e-06 
205 0.738794 0.258589 0.00204525 0.000420876 0.000108304 4.25402e-05 0 0 0 0 
206 0.230245 0.766169 0.00352602 4.38983e-05 1.05821e-05 3.38092e-06 1.06657e-06 3.73007e-07 1.26955e-07 0 
207 0.266061 0.682863 0.0371654 0.0023962 0.000977586 0.0104508 5.6549e-05 1.47261e-05 1.31314e-05 1.83231e-06 
208 0.138904 0.789422 0.0706158 0.000638537 0.000298392 6.32555e-05 2.82152e-05 1.85617e-05 7.42278e-06 3.70212e-06 
209 0.335399 0.633718 0.0255136 0.00357023 0.00133161 0.000338495 8.43089e-05 2.19759e-05 1.95961e-05 2.73436e-06 
210 0.738794 0.244451 0.0161833 0.000420876 0.000108304 4.25402e-05 0 0 0 0 
211 0.278486 0.665185 0.0296864 0.0212201 0.00441486 0.000523178 0.000220842 0 0.000132026 0.000132095 
212 0.0495548 0.921836 0.0111082 0.00150137 0.0157064 0.000209304 5.52472e-05 1.37065e-05 0 1.46614e-05 
213 0.0474003 0.91074 0.0395846 0.00146414 0.000530795 0.000200204 5.28452e-05 1.31105e-05 0 1.40239e-05 
214 0.0921152 0.824575 0.0749025 0.00564194 0.00207393 0.000465858 0.000143541 5.38221e-05 2.33869e-05 4.60773e-06 
215 0.0503172 0.920634 0.0112791 0.00154085 0.0159317 0.000212524 5.60972e-05 1.39173e-05 0 1.48869e-05 
216 0.0503172 0.920634 0.0112909 0.0168973 0.000563459 0.000212524 5.60972e-05 1.39173e-05 0 1.48869e-05 
217 0.0503172 0.920634 0.0112791 0.00152614 0.0159464 0.000212524 5.60972e-05 1.39173e-05 0 1.48869e-05 
218 0.0495548 0.921836 0.0112751 0.016486 0.000554922 0.000209304 5.52472e-05 1.37065e-05 0 1.46614e-05 
219 0.0503176 0.936018 0.0112791 0.00152447 0.000563459 0.000212524 5.60972e-05 1.39173e-05 0 1.48869e-05 
220 0.0495548 0.906834 0.0263176 0.0164366 0.000563944 0.000209304 5.52472e-05 1.37065e-05 0 1.46614e-05 
221 0.000958857 0.998989 3.23989e-06 4.57633e-05 3.37497e-06 0 0 0 0 0 
222 0.00932441 0.877523 0.11046 0.000341029 8.15698e-05 0.000106866 0.00215919 2.01482e-06 0 2.15512e-06 
223 0.0495975 0.936945 0.0111082 0.00150137 0.000554922 0.000209304 5.52472e-05 1.37065e-05 0 1.46614e-05 
224 0.278486 0.665185 0.0296849 0.00813191 0.0175046 0.000523187 0.000220842 0 0.000132026 0.000132095 
225 0.754178 0.244451 0.000799167 0.000420876 0.000108304 4.25402e-05 0 0 0 0 
226 0.278486 0.680569 0.0296849 0.00583737 0.0044145 0.000523178 0.000220842 0 0.000132026 0.000132095 
227 0.0632534 0.917626 0.0164273 0.00162537 0.000759544 0.000161014 7.18205e-05 4.7248e-05 1.88943e-05 9.42357e-06 
228 0.278486 0.665185 0.0296849 0.021222 0.0044145 0.000523178 0.000220842 0 0.000132026 0.000132095 
229 0.278486 0.680569 0.0296849 0.00583737 0.0044145 0.000523178 0.000220842 0 0.000132026 0.000132095 
230 0.0642265 0.900974 0.0320646 0.00165037 0.000771229 0.000163491 7.29254e-05 4.79749e-05 1.9185e-05 9.56855e-06 
231 0.274266 0.670258 0.0292355 0.0208943 0.00435335 0.000515251 0.000217496 0 0.000130025 0.000130094 
232 0.0642265 0.916359 0.01668 0.00165037 0.000771229 0.000163491 7.29254e-05 4.79749e-05 1.9185e-05 9.56855e-06 
233 0.0822168 0.898948 0.0161821 0.00160111 0.000748208 0.000158611 7.07486e-05 4.65428e-05 1.86123e-05 9.28292e-06 
234 0.278486 0.680569 0.0296849 0.00583737 0.0044145 0.000523178 0.000220842 0 0.000132026 0.000132095 
235 0.278486 0.680569 0.0296849 0.00583737 0.0044145 0.000523178 0.000220842 0 0.000132026 0.000132095 
236 0.0632534 0.887391 0.0466627 0.00162537 0.000759544 0.000161014 7.18205e-05 4.7248e-05 1.88943e-05 9.42357e-06 
237 0.274269 0.685406 0.0292351 0.00574893 0.00434761 0.000515251 0.000217496 0 0.000130025 0.000130094 
238 0.278486 0.665271 0.0449834 0.00583754 0.0044145 0.000523178 0.000220842 0 0.000132026 0.000132095 
239 0.0503172 0.936018 0.0112791 0.00152447 0.000563459 0.000212524 5.60972e-05 1.39173e-05 0 1.48869e-05 
240 0.384487 0.532529 0.0767287 0.00324298 0.0024525 0.000290654 0.00012269 0 7.33477e-05 7.33862e-05 
241 0.274685 0.684759 0.0294665 0.00574893 0.00434761 0.000515251 0.000217496 0 0.000130025 0.000130094 
242 0.278486 0.665185 0.0296849 0.00583737 0.0044145 0.00556358 0.0105651 0 0.000132026 0.000132095 
243 0.278486 0.66542 0.0448345 0.00583737 0.0044145 0.000523178 0.000220842 0 0.000132026 0.000132095 
244 0.266201 0.694661 0.0283752 0.00557984 0.00421974 0.000500097 0.000211099 0 0.000126201 0.000126267 
245 0.342542 0.614846 0.0224858 0.016028 0.00333654 0.000395425 0.000166916 0 9.97869e-05 9.98394e-05 
246 0.0488152 0.908078 0.0109424 0.00170353 0.0152474 0.000206497 0.0149795 1.35019e-05 0 1.44425e-05 
247 0.302229 0.65435 0.0354267 0.00416326 0.00311894 0.000369637 0.00015603 0 9.32791e-05 9.33281e-05 
248 0.136104 0.828205 0.0253985 0.00809042 0.0017934 0.000212541 8.97172e-05 0 5.36355e-05 5.36637e-05 
249 0.2662 0.651028 0.0591808 0.018408 0.00421974 0.000500097 0.000211099 0 0.000126201 0.000126267 
250 0.448802 0.550365 0.000485505 0.000255672 6.57924e-05 2.58422e-05 0 0 0 0 
251 0.676361 0.237877 0.000834097 0.0847898 9.92381e-05 3.89452e-05 0 0 0 0 
252 0.274266 0.673672 0.0409722 0.00574893 0.00434761 0.000515251 0.000217496 0 0.000130025 0.000130094 
253 0.0632534 0.887323 0.0312351 0.00196868 0.00336042 0.0127117 7.18205e-05 4.7248e-05 1.88943e-05 9.42357e-06 
254 0.0632534 0.902474 0.0164273 0.00162537 0.000802405 0.0152697 7.18205e-05 4.7248e-05 1.88943e-05 9.42357e-06 
255 0.0495548 0.92189 0.0262057 0.00150137 0.000554922 0.000209304 5.52472e-05 1.37065e-05 0 1.46614e-05 
256 0.0503172 0.920634 0.0112791 0.00152447 0.0159481 0.000212524 5.60972e-05 1.39173e-05 0 1.48869e-05 
257 0.272347 0.683973 0.0390328 0.00345604 0.000811403 0.000261194 8.3643e-05 2.28609e-05 9.01789e-06 2.90532e-06 
258 0.0564152 0.913482 0.0277003 0.00144965 0.000677431 0.000143607 6.40561e-05 4.21401e-05 1.68517e-05 8.40481e-06 
259 0.0632534 0.902474 0.0165347 0.0166695 0.000759544 0.000161014 7.18205e-05 4.7248e-05 1.88943e-05 9.42357e-06 
260 0.0474003 0.939727 0.0106252 0.0014361 0.000530795 0.000200204 5.28452e-05 1.31105e-05 0 1.40239e-05 
261 0.0503172 0.936018 0.0112791 0.00152447 0.000563459 0.000212524 5.60972e-05 1.39173e-05 0 1.48869e-05 
262 0.225275 0.72755 0.0381393 0.00468431 0.0035425 0.000419834 0.000177219 0 0.000105947 0.000106002 
263 0.0623093 0.90393 0.0195829 0.0131258 0.000748208 0.000158611 7.07486e-05 4.65428e-05 1.86123e-05 9.28292e-06 
264 0.0632534 0.902475 0.0164675 0.0167366 0.000759588 0.000161014 7.18205e-05 4.7248e-05 1.88944e-05 9.42357e-06 
265 0.0503634 0.935972 0.0112791 0.00152447 0.000563459 0.000212524 5.60972e-05 1.39173e-05 0 1.48869e-05 
266 0.278486 0.665185 0.0296849 0.00585004 0.0197864 0.000523179 0.000220842 0 0.000132026 0.000132095 
267 0.0642265 0.900974 0.0320646 0.00165037 0.00077123 0.000163491 7.29254e-05 4.79749e-05 1.9185e-05 9.56855e-06 
268 0.0623093 0.90393 0.0161822 0.0165264 0.000748221 0.000158611 7.07486e-05 4.65428e-05 1.86123e-05 9.28292e-06 
269 0.0491144 0.900706 0.0460003 0.00334983 0.000589764 0.000125023 5.57665e-05 3.66867e-05 1.46709e-05 7.31713e-06 
270 0.0605032 0.886844 0.0241375 0.0274941 0.00072652 0.000154013 6.86979e-05 4.51937e-05 1.80729e-05 9.01385e-06 
271 0.0467231 0.863738 0.0873237 0.00141558 0.000523212 0.000197344 5.20902e-05 1.29232e-05 0 1.38236e-05 
272 0.0503172 0.920634 0.0112791 0.00161612 0.0158564 0.000212524 5.60972e-05 1.39173e-05 0 1.48869e-05 
273 0.270173 0.675179 0.0437241 0.00566312 0.00428272 0.000507561 0.00021425 0 0.000128085 0.000128152 
274 0.079684 0.772359 0.123514 0.0215223 0.00215577 0.000616518 0.000128023 0 2.08456e-05 0 
275 0.0642265 0.900974 0.0168176 0.0168974 0.000771232 0.000163491 7.29254e-05 4.79749e-05 1.9185e-05 9.56855e-06 
276 0.061393 0.861225 0.0747676 0.00157756 0.000737205 0.000156278 6.97081e-05 4.58583e-05 1.83386e-05 9.14641e-06 
277 0.0503174 0.934369 0.0129281 0.00152447 0.000563459 0.000212524 5.60972e-05 1.39173e-05 0 1.48869e-05 
278 0.223622 0.709953 0.0573886 0.00468431 0.0035425 0.000419834 0.000177219 0 0.000105947 0.000106002 
279 0.0642265 0.900974 0.0166841 0.0170308 0.000771259 0.000163491 7.29254e-05 4.79749e-05 1.9185e-05 9.56855e-06 
280 0.0503172 0.936018 0.0112791 0.00152447 0.000563459 0.000212524 5.60972e-05 1.39173e-05 0 1.48869e-05 
281 0.0474003 0.925235 0.0106252 0.0014411 0.0150185 0.000200207 5.28452e-05 1.31105e-05 0 1.40239e-05 
282 0.278486 0.67143 0.0388243 0.00583737 0.0044145 0.000523178 0.000220842 0 0.000132026 0.000132095 
284 0.0893319 0.808813 0.0672607 0.0195906 0.00178904 0.0130232 0.000121737 4.56466e-05 1.98345e-05 3.90782e-06 
285 0.0632534 0.917626 0.0164273 0.00162537 0.000759544 0.000161014 7.18205e-05 4.7248e-05 1.88943e-05 9.42357e-06 
286 0.0623093 0.874079 0.0609582 0.00160111 0.000748208 0.000158611 7.07486e-05 4.65428e-05 1.86123e-05 9.28292e-06 
287 0.0495548 0.906685 0.0111082 0.00157934 0.03078 0.000209304 5.52472e-05 1.37065e-05 0 1.46614e-05 
288 0.274266 0.655106 0.0595381 0.00574893 0.00434761 0.000515251 0.000217496 0 0.000130025 0.000130094 
289 0.0642265 0.900975 0.0320639 0.00165038 0.000771229 0.000163491 7.29254e-05 4.79749e-05 1.9185e-05 9.56855e-06 
290 0.0503172 0.920634 0.0112791 0.00152447 0.000563459 0.0155971 5.60972e-05 1.39173e-05 0 1.48869e-05 
291 0.0503172 0.935732 0.0115656 0.00152447 0.000563459 0.000212524 5.60972e-05 1.39173e-05 0 1.48869e-05 
292 0.0503172 0.920634 0.0266637 0.00152447 0.000563459 0.000212524 5.60972e-05 1.39173e-05 0 1.48869e-05 
293 0.0503172 0.936018 0.0112791 0.00152447 0.000563459 0.000212524 5.60972e-05 1.39173e-05 0 1.48869e-05 
294 0.060757 0.8854 0.0346963 0.0181399 0.000716142 0.000151813 6.77165e-05 4.45481e-05 1.78147e-05 8.88508e-06 
295 0.0503172 0.920634 0.0112791 0.001526 0.0159465 0.000212524 5.60972e-05 1.39173e-05 0 1.48869e-05 
296 0.0503172 0.936018 0.0112791 0.00152447 0.000563459 0.000212524 5.60972e-05 1.39173e-05 0 1.48869e-05 
297 0.0503172 0.920634 0.0112791 0.0169091 0.000563459 0.000212524 5.60972e-05 1.39173e-05 0 1.48869e-05 
298 0.278486 0.665185 0.0450695 0.00583737 0.0044145 0.000523178 0.000220842 0 0.000132026 0.000132095 
299 0.0642265 0.900974 0.01668 0.00180786 0.0159984 0.000163491 7.29254e-05 4.79749e-05 1.9185e-05 9.56855e-06 
300 0.0495548 0.906685 0.0262602 0.0166523 0.000554924 0.000209304 5.52472e-05 1.37065e-05 0 1.46614e-05 
301 0.156002 0.780749 0.0423709 0.00372666 0.0166319 0.000272991 0.000179076 5.49833e-05 1.16497e-05 0 
302 0.0503172 0.920634 0.0266636 0.00152447 0.000563459 0.000212524 5.60972e-05 1.39173e-05 0 1.48869e-05 
303 0.151346 0.802218 0.0411078 0.0036154 0.00121007 0.000264836 0.000173731 5.3342e-05 1.13019e-05 0 
304 0.0508407 0.87938 0.044129 0.0130799 0.000477045 0.0120282 4.34085e-05 1.07694e-05 0 1.15197e-05 
305 0.0503172 0.936017 0.0112802 0.00152447 0.000563459 0.000212524 5.60972e-05 1.39173e-05 0 1.48869e-05 
306 0.0474003 0.896249 0.0118558 0.0258672 0.0183473 0.000200204 5.28452e-05 1.31105e-05 0 1.40239e-05 
307 0.0503172 0.920634 0.0112793 0.0169089 0.000563459 0.000212524 5.60972e-05 1.39173e-05 0 1.48869e-05 
308 0.278486 0.665186 0.0442499 0.00665558 0.0044145 0.000523178 0.000220842 0 0.000132026 0.000132095 
309 0.0632534 0.887323 0.0467303 0.00162537 0.000759544 0.000161014 7.18205e-05 4.7248e-05 1.88943e-05 9.42357e-06 
311 0.0503172 0.936018 0.0112791 0.00152447 0.000563459 0.000212524 5.60972e-05 1.39173e-05 0 1.48869e-05 
312 0.0503172 0.920634 0.026663 0.00152447 0.000563459 0.000212524 5.60972e-05 1.39173e-05 0 1.48869e-05 
313 0.0503172 0.920634 0.0112791 0.00152447 0.000563459 0.0155971 5.60972e-05 1.39173e-05 0 1.48869e-05 
314 0.0495548 0.906685 0.0125131 0.0176915 0.0132629 0.000209305 5.52472e-05 1.37065e-05 0 1.46614e-05 
315 0.0503172 0.920634 0.0266634 0.00152447 0.000563459 0.000212524 5.60972e-05 1.39173e-05 0 1.48869e-05 
316 0.0503172 0.920634 0.0266637 0.00152447 0.000563459 0.000212524 5.60972e-05 1.39173e-05 0 1.48869e-05 
317 0.0503172 0.920634 0.0112793 0.0169088 0.000563545 0.000212524 5.60972e-05 1.39173e-05 0 1.48869e-05 
318 0.0503172 0.920634 0.0266636 0.00152447 0.000563459 0.000212524 5.60972e-05 1.39173e-05 0 1.48869e-05 
319 0.0488152 0.893152 0.0557183 0.00147897 0.00054664 0.00020618 5.44226e-05 1.35019e-05 0 1.44425e-05 
320 0.0503172 0.936018 0.0112791 0.00152447 0.000563459 0.000212524 5.60972e-05 1.39173e-05 0 1.48869e-05 
321 0.0495548 0.921836 0.0111082 0.00150138 0.0155411 0.000374649 5.52472e-05 1.37065e-05 0 1.46614e-05 
322 0.0503172 0.920634 0.0266636 0.00152447 0.000563459 0.000212524 5.60972e-05 1.39173e-05 0 1.48869e-05 
323 0.0495548 0.906685 0.0262904 0.0166221 0.000554924 0.000209304 5.52472e-05 1.37065e-05 0 1.46614e-05 
324 0.0503172 0.920634 0.0266636 0.00152447 0.000563459 0.000212524 5.60972e-05 1.39173e-05 0 1.48869e-05 
325 0.0642265 0.916359 0.01668 0.00165037 0.000771229 0.000163491 7.29254e-05 4.79749e-05 1.9185e-05 9.56855e-06 
326 0.0503172 0.936018 0.0112791 0.00152447 0.000563459 0.000212524 5.60972e-05 1.39173e-05 0 1.48869e-05 
327 0.0503172 0.920634 0.0112791 0.00152447 0.000563459 0.000212524 5.64797e-05 0.0153981 0 1.48869e-05 
328 0.0488152 0.937928 0.0109424 0.00147897 0.00054664 0.00020618 5.44226e-05 1.35019e-05 0 1.44425e-05 
329 0.0454256 0.92833 0.0240906 0.00137626 0.000508679 0.000191862 5.06433e-05 1.25643e-05 0 1.34396e-05 
330 0.0503172 0.936018 0.0112791 0.00152447 0.000563459 0.000212524 5.60972e-05 1.39173e-05 0 1.48869e-05 
331 0.0495548 0.921836 0.0111082 0.00160562 0.0156022 0.000209321 5.52472e-05 1.37065e-05 0 1.46614e-05 
332 0.0488152 0.893152 0.0557184 0.00147897 0.00054664 0.00020618 5.44226e-05 1.35019e-05 0 1.44425e-05 
333 0.270173 0.645329 0.0588251 0.0204127 0.00428272 0.000507561 0.00021425 0 0.000128085 0.000128152 
334 0.0503172 0.920634 0.0266636 0.00152447 0.000563459 0.000212524 5.60972e-05 1.39173e-05 0 1.48869e-05 
335 0.0503172 0.920634 0.0112791 0.0169091 0.000563459 0.000212524 5.60972e-05 1.39173e-05 0 1.48869e-05 
336 0.0503172 0.920634 0.0112791 0.00152447 0.000563459 0.0155971 5.60972e-05 1.39173e-05 0 1.48869e-05 
337 0.0503172 0.920634 0.0266636 0.00152447 0.000563459 0.000212524 5.60972e-05 1.39173e-05 0 1.48869e-05 
338 0.0503172 0.920634 0.0117981 0.0163897 0.00056373 0.000212524 5.60972e-05 1.39173e-05 0 1.48869e-05 
339 0.0503172 0.920634 0.0266636 0.00152447 0.000563459 0.000212524 5.60972e-05 1.39173e-05 0 1.48869e-05 
340 0.0503172 0.920634 0.0112791 0.00152447 0.000577265 0.0155833 5.60972e-05 1.39173e-05 0 1.48869e-05 
341 0.0503172 0.920634 0.0112791 0.00152447 0.000563459 0.00282572 0.0128275 1.39173e-05 0 1.48869e-05 
342 0.0467232 0.897723 0.0533385 0.00141558 0.000523212 0.000197344 5.20902e-05 1.29232e-05 0 1.38236e-05 
343 0.0503172 0.920634 0.0112791 0.00152447 0.000565162 0.0155954 5.60972e-05 1.39173e-05 0 1.48869e-05 
344 0.264778 0.623552 0.0932634 0.00336003 0.000788864 0.0141428 8.13196e-05 2.22259e-05 8.76739e-06 2.82461e-06 
345 0.0503172 0.920634 0.0266626 0.00152477 0.000563459 0.000212524 5.60972e-05 1.39173e-05 0 1.48869e-05 
346 0.0503172 0.920634 0.0266634 0.00152448 0.000563459 0.000212524 5.60972e-05 1.39173e-05 0 1.48869e-05 
347 0.0503172 0.936018 0.0112791 0.00152447 0.000563459 0.000212524 5.60972e-05 1.39173e-05 0 1.48869e-05 
348 0.0488152 0.893165 0.0258543 0.00147926 0.0154736 0.0119247 0.00325939 1.35019e-05 0 1.44425e-05 
349 0.0503172 0.920634 0.0266633 0.00152455 0.000563459 0.000212524 5.60972e-05 1.39173e-05 0 1.48869e-05 
350 0.288848 0.665087 0.0259844 0.00366549 0.000860597 0.0154285 8.87123e-05 2.42464e-05 9.56443e-06 3.0814e-06 
351 0.144859 0.753553 0.0822015 0.00346046 0.0154439 0.000253486 0.000166285 5.10559e-05 1.08176e-05 0 
352 0.0488152 0.893152 0.0476141 0.00958315 0.000546642 0.00020618 5.44226e-05 1.35019e-05 0 1.44425e-05 
353 0.0503172 0.920634 0.0266636 0.00152447 0.000563459 0.000212524 5.60972e-05 1.39173e-05 0 1.48869e-05 
354 0.0460651 0.858637 0.0649455 0.00139566 0.0286848 0.000194565 5.13566e-05 1.27412e-05 0 1.36289e-05 
355 0.0503172 0.936018 0.0112791 0.00152447 0.000563459 0.000212524 5.60972e-05 1.39173e-05 0 1.48869e-05 
356 0.0488152 0.937928 0.0109424 0.00147897 0.00054664 0.00020618 5.44226e-05 1.35019e-05 0 1.44425e-05 
357 0.0495548 0.906685 0.0262593 0.00150278 0.015705 0.000209304 5.52472e-05 1.37065e-05 0 1.46614e-05 
358 0.0488152 0.893153 0.0557178 0.00147897 0.00054664 0.00020618 5.44226e-05 1.35019e-05 0 1.44425e-05 
359 0.288848 0.649935 0.0562874 0.00366549 0.000860578 0.000277024 8.87123e-05 2.42464e-05 9.56443e-06 3.0814e-06 
360 0.153639 0.784072 0.0568804 0.00367018 0.00122841 0.000268849 0.000176363 5.41502e-05 1.14732e-05 0 
361 0.0503172 0.936018 0.0112791 0.00152447 0.000563459 0.000212524 5.60972e-05 1.39173e-05 0 1.48869e-05 
362 0.0503172 0.920634 0.0112791 0.00152447 0.000563495 0.0155971 5.60972e-05 1.39173e-05 0 1.48869e-05 
363 0.0503172 0.920634 0.0112791 0.016909 0.000563459 0.000212524 5.60972e-05 1.39173e-05 0 1.48869e-05 
364 0.0454253 0.849983 0.0607719 0.029154 0.000508679 0.000191862 5.09552e-05 0.0139011 0 1.34396e-05 
365 0.0647051 0.921837 0.0111084 0.00150137 0.000554922 0.000209304 5.52472e-05 1.37065e-05 0 1.46614e-05 
366 0.0495548 0.921836 0.0262597 0.00150137 0.000554922 0.000209304 5.52472e-05 1.37065e-05 0 1.46614e-05 
367 0.0495548 0.936988 0.0111082 0.00150137 0.000554922 0.000209304 5.52472e-05 1.37065e-05 0 1.46614e-05 
368 0.0503172 0.920634 0.0266637 0.00152447 0.000563459 0.000212524 5.60972e-05 1.39173e-05 0 1.48869e-05 
369 0.293292 0.659934 0.0417687 0.00372188 0.000873818 0.000281286 9.00771e-05 2.46194e-05 9.71157e-06 3.1288e-06 
370 0.146959 0.735489 0.112378 0.0035106 0.001175 0.00025716 0.000168695 5.17959e-05 1.09743e-05 0 
371 0.0488152 0.923003 0.0258677 0.00147897 0.00054664 0.00020618 5.44226e-05 1.35019e-05 0 1.44425e-05 
372 0.0495548 0.936988 0.0111082 0.00150137 0.000554922 0.000209304 5.52472e-05 1.37065e-05 0 1.46614e-05 
373 0.0467231 0.855337 0.0814388 0.00141559 0.000523213 0.0144831 5.20902e-05 1.29232e-05 0 1.38236e-05 
374 0.0503172 0.920634 0.0266633 0.00152447 0.000563459 0.000212524 5.60972e-05 1.39173e-05 0 1.48869e-05 
375 0.0503172 0.920634 0.0266637 0.00152447 0.000563459 0.000212524 5.60972e-05 1.39173e-05 0 1.48869e-05 
376 0.153639 0.784073 0.0568794 0.00367018 0.00122841 0.000268849 0.000176363 5.41502e-05 1.14732e-05 0 
377 0.0495548 0.906686 0.0414103 0.00150137 0.000554922 0.000209304 5.52472e-05 1.37065e-05 0 1.46614e-05 
378 0.0495902 0.921801 0.0111082 0.00150137 0.000554922 0.0153608 5.52472e-05 1.37065e-05 0 1.46614e-05 
